1000
a001 29 41 49
a002 16 23 91
a003 5 8 18
a004 31 48 27
a005 51 52 59
a006 62 77 50
a007 63 82 25
a008 51 54 63
a009 29 30 90
a010 34 51 53
a011 60 73 93
a012 14 23 13
a013 8 21 80
a014 48 52 85
a015 7 18 31
a016 88 91 64
a017 83 100 27
a018 74 79 78
a019 8 26 5
a020 62 69 19
a021 74 89 94
a022 74 89 37
a023 71 83 55
a024 17 23 98
a025 76 80 69
a026 88 99 90
a027 45 61 65
a028 79 86 40
a029 19 31 68
a030 36 53 85
a031 9 26 90
a032 69 77 45
a033 31 32 38
a034 43 51 35
a035 4 18 33
a036 48 58 91
a037 53 59 85
a038 50 54 22
a039 84 85 26
a040 98 104 39
a041 14 15 98
a042 48 59 22
a043 72 86 30
a044 17 31 73
a045 57 71 54
a046 10 29 9
a047 36 40 5
a048 10 14 98
a049 66 83 47
a050 19 36 63
a051 90 95 78
a052 8 15 3
a053 17 28 50
a054 84 103 16
a055 95 105 45
a056 41 53 1
a057 82 98 27
a058 7 27 5
a059 97 116 23
a060 22 33 56
a061 56 60 11
a062 25 45 29
a063 63 79 20
a064 48 52 14
a065 74 89 83
a066 16 31 66
a067 92 95 92
a068 60 79 51
a069 46 61 29
a070 6 13 7
a071 57 61 14
a072 27 28 91
a073 76 96 3
a074 83 95 56
a075 67 70 96
a076 96 116 65
a077 90 109 26
a078 64 72 42
a079 67 80 96
a080 66 73 1
a081 37 57 38
a082 10 21 52
a083 28 38 11
a084 70 84 96
a085 47 58 67
a086 38 50 38
a087 83 87 26
a088 62 74 49
a089 74 84 27
a090 37 50 79
a091 49 66 89
a092 93 105 87
a093 77 96 47
a094 86 100 26
a095 62 79 65
a096 10 19 21
a097 8 24 94
a098 34 48 100
a099 14 34 36
a100 37 46 65
a101 34 43 81
a102 52 60 47
a103 31 39 65
a104 95 110 32
a105 29 49 68
a106 25 37 64
a107 99 103 15
a108 49 52 84
a109 21 40 55
a110 5 10 3
a111 78 85 88
a112 33 36 13
a113 59 74 86
a114 36 55 12
a115 16 36 46
a116 83 86 41
a117 4 7 18
a118 83 95 10
a119 29 31 77
a120 40 48 38
a121 95 107 42
a122 8 25 15
a123 92 112 45
a124 55 61 21
a125 32 45 20
a126 55 58 13
a127 68 76 11
a128 37 43 44
a129 95 102 14
a130 6 8 72
a131 100 106 22
a132 71 82 38
a133 31 48 62
a134 14 33 92
a135 10 15 96
a136 16 24 42
a137 27 41 23
a138 21 26 98
a139 56 58 89
a140 57 76 86
a141 78 88 54
a142 55 74 88
a143 94 106 89
a144 72 88 47
a145 94 111 24
a146 39 48 88
a147 60 65 36
a148 63 80 69
a149 100 117 38
a150 27 46 68
a151 50 55 63
a152 82 98 16
a153 37 50 5
a154 4 16 65
a155 37 49 49
a156 89 90 80
a157 18 19 11
a158 23 38 75
a159 16 30 73
a160 80 99 14
a161 47 64 6
a162 76 88 46
a163 13 24 84
a164 13 29 22
a165 82 90 62
a166 46 65 45
a167 47 61 48
a168 95 97 95
a169 18 29 8
a170 4 12 66
a171 46 62 47
a172 60 78 23
a173 38 43 83
a174 34 35 57
a175 94 104 75
a176 87 96 59
a177 37 47 52
a178 63 78 85
a179 80 83 64
a180 83 98 44
a181 17 36 95
a182 13 25 92
a183 76 91 47
a184 60 79 50
a185 26 44 67
a186 90 109 23
a187 100 105 65
a188 4 7 71
a189 85 95 28
a190 18 31 33
a191 25 29 2
a192 4 19 92
a193 27 38 41
a194 3 4 95
a195 2 7 74
a196 38 48 2
a197 5 12 43
a198 40 43 54
a199 30 31 88
a200 12 29 66
a201 25 41 97
a202 91 105 15
a203 54 71 19
a204 9 14 85
a205 90 102 77
a206 55 57 33
a207 52 59 4
a208 36 39 99
a209 62 73 90
a210 20 28 8
a211 50 60 34
a212 39 56 36
a213 77 78 52
a214 26 33 25
a215 14 30 20
a216 91 102 31
a217 83 86 56
a218 44 61 71
a219 87 103 60
a220 78 90 80
a221 17 37 22
a222 60 64 29
a223 66 77 79
a224 20 38 31
a225 28 42 93
a226 86 106 26
a227 43 48 73
a228 99 108 10
a229 56 67 74
a230 18 26 93
a231 76 89 3
a232 40 53 46
a233 98 108 16
a234 15 28 87
a235 85 100 53
a236 76 77 63
a237 43 61 92
a238 25 26 97
a239 1 21 89
a240 64 75 48
a241 90 106 75
a242 13 33 23
a243 14 16 57
a244 35 38 71
a245 3 10 32
a246 80 83 8
a247 42 54 50
a248 90 101 63
a249 77 83 63
a250 94 103 81
a251 7 23 60
a252 74 82 70
a253 85 87 66
a254 98 115 84
a255 51 66 67
a256 60 66 16
a257 73 93 66
a258 89 95 43
a259 94 104 73
a260 69 82 80
a261 14 29 71
a262 23 33 21
a263 95 107 46
a264 67 69 87
a265 51 71 36
a266 9 17 71
a267 91 107 57
a268 36 43 62
a269 70 73 84
a270 8 18 9
a271 23 36 13
a272 70 74 24
a273 23 39 42
a274 72 80 91
a275 24 39 32
a276 98 111 4
a277 66 78 40
a278 15 32 67
a279 62 81 6
a280 74 78 57
a281 93 105 33
a282 42 46 14
a283 24 40 55
a284 72 87 13
a285 88 93 4
a286 45 50 50
a287 57 68 86
a288 66 80 77
a289 14 27 61
a290 86 100 17
a291 99 102 93
a292 23 31 57
a293 25 34 78
a294 71 76 28
a295 66 67 43
a296 46 49 22
a297 64 75 72
a298 53 63 18
a299 28 41 2
a300 75 79 20
a301 28 31 99
a302 20 25 64
a303 36 54 50
a304 11 26 91
a305 36 39 50
a306 56 72 56
a307 42 58 94
a308 29 39 6
a309 74 78 3
a310 71 91 47
a311 83 97 2
a312 92 101 90
a313 47 49 84
a314 80 86 80
a315 8 26 63
a316 6 23 3
a317 6 10 41
a318 17 25 47
a319 45 62 85
a320 68 80 11
a321 30 37 66
a322 30 39 13
a323 80 94 4
a324 24 25 15
a325 97 111 41
a326 18 35 35
a327 28 30 42
a328 45 62 49
a329 97 114 21
a330 79 90 98
a331 81 91 21
a332 2 11 94
a333 2 19 6
a334 79 99 38
a335 70 75 39
a336 69 89 27
a337 3 8 90
a338 5 22 98
a339 77 82 46
a340 34 49 93
a341 85 94 45
a342 90 100 92
a343 87 92 47
a344 58 73 79
a345 88 96 97
a346 66 84 41
a347 10 28 34
a348 73 74 37
a349 43 60 15
a350 34 35 1
a351 74 89 89
a352 51 70 68
a353 25 26 89
a354 0 5 81
a355 71 73 43
a356 42 60 81
a357 28 41 72
a358 72 79 63
a359 58 68 52
a360 92 109 75
a361 54 70 96
a362 100 104 50
a363 67 78 55
a364 63 81 49
a365 77 79 69
a366 99 106 30
a367 71 77 50
a368 53 64 32
a369 33 51 44
a370 64 65 39
a371 30 44 51
a372 68 77 62
a373 42 44 63
a374 79 87 74
a375 22 34 22
a376 93 99 97
a377 29 36 8
a378 85 98 74
a379 66 74 73
a380 12 17 85
a381 33 43 5
a382 19 35 11
a383 46 50 79
a384 91 108 68
a385 34 38 95
a386 74 79 85
a387 91 93 83
a388 14 26 37
a389 44 53 18
a390 100 119 8
a391 82 88 97
a392 51 52 4
a393 56 71 48
a394 51 59 86
a395 7 19 76
a396 86 101 43
a397 38 56 53
a398 17 26 55
a399 8 11 29
a400 42 49 95
a401 67 80 8
a402 57 67 31
a403 39 50 36
a404 52 54 1
a405 1 15 100
a406 4 11 30
a407 69 73 11
a408 60 80 79
a409 76 81 24
a410 56 72 92
a411 86 89 4
a412 70 79 37
a413 6 24 45
a414 10 19 48
a415 64 74 60
a416 68 76 31
a417 7 10 30
a418 56 66 7
a419 14 28 71
a420 33 47 93
a421 86 90 18
a422 89 100 54
a423 87 99 63
a424 48 64 87
a425 62 79 10
a426 50 61 49
a427 41 55 40
a428 36 52 58
a429 0 8 10
a430 33 36 81
a431 68 87 7
a432 17 19 2
a433 13 33 28
a434 67 83 58
a435 37 44 12
a436 36 54 41
a437 38 54 20
a438 79 94 45
a439 33 43 24
a440 51 61 4
a441 93 97 3
a442 92 100 89
a443 52 70 28
a444 73 78 18
a445 78 82 23
a446 33 48 58
a447 22 41 32
a448 87 100 40
a449 52 72 54
a450 88 89 21
a451 78 79 100
a452 88 103 14
a453 17 29 96
a454 57 61 56
a455 35 39 5
a456 9 19 82
a457 23 37 42
a458 7 21 43
a459 5 22 1
a460 73 78 61
a461 81 86 94
a462 84 99 17
a463 33 49 67
a464 95 108 35
a465 40 51 75
a466 37 48 3
a467 27 33 51
a468 38 44 12
a469 39 49 6
a470 21 37 34
a471 74 79 80
a472 79 94 55
a473 19 26 72
a474 52 63 39
a475 5 14 66
a476 25 44 89
a477 53 70 98
a478 20 35 11
a479 78 85 98
a480 11 12 15
a481 16 25 72
a482 85 92 85
a483 4 18 20
a484 63 75 73
a485 38 52 27
a486 3 16 56
a487 53 70 39
a488 2 16 30
a489 47 62 34
a490 10 25 16
a491 5 25 60
a492 98 115 24
a493 40 47 43
a494 88 93 17
a495 46 55 89
a496 84 90 11
a497 2 19 42
a498 100 115 10
a499 67 87 93
a500 4 16 6
a501 19 35 24
a502 80 85 92
a503 48 54 92
a504 71 83 17
a505 44 56 6
a506 70 81 9
a507 26 45 62
a508 62 73 67
a509 20 25 75
a510 89 109 99
a511 79 92 64
a512 28 46 91
a513 86 99 1
a514 76 96 42
a515 45 50 15
a516 82 99 72
a517 15 29 91
a518 13 20 6
a519 87 93 18
a520 49 55 38
a521 15 34 42
a522 0 18 6
a523 63 68 37
a524 73 74 86
a525 14 29 78
a526 22 36 40
a527 34 50 83
a528 52 72 41
a529 44 47 71
a530 60 65 46
a531 51 65 69
a532 17 19 10
a533 56 69 84
a534 29 42 67
a535 41 58 24
a536 93 95 18
a537 18 36 13
a538 37 39 78
a539 47 50 66
a540 22 40 60
a541 25 37 7
a542 81 99 100
a543 31 39 29
a544 77 94 40
a545 45 53 90
a546 21 34 9
a547 44 50 68
a548 44 48 88
a549 51 58 7
a550 77 91 9
a551 28 37 94
a552 17 29 100
a553 79 85 49
a554 55 58 14
a555 81 90 69
a556 82 95 64
a557 91 111 31
a558 19 37 73
a559 47 53 1
a560 39 48 3
a561 72 88 62
a562 48 52 91
a563 88 97 91
a564 56 61 68
a565 22 41 52
a566 90 91 34
a567 19 27 20
a568 73 83 9
a569 94 97 72
a570 3 19 37
a571 61 78 95
a572 48 54 58
a573 80 91 28
a574 67 81 61
a575 46 62 78
a576 84 85 95
a577 18 27 97
a578 38 58 38
a579 67 72 90
a580 77 87 38
a581 94 112 95
a582 12 20 88
a583 25 31 40
a584 52 70 75
a585 33 37 11
a586 86 92 79
a587 60 73 8
a588 22 35 13
a589 75 83 9
a590 31 48 54
a591 20 25 57
a592 97 104 36
a593 3 14 36
a594 4 15 95
a595 60 69 72
a596 83 92 47
a597 23 25 4
a598 71 81 25
a599 90 100 30
a600 41 44 92
a601 27 46 89
a602 39 44 85
a603 2 19 76
a604 83 86 89
a605 49 55 28
a606 91 99 17
a607 46 61 44
a608 95 98 96
a609 2 17 78
a610 91 94 79
a611 51 53 38
a612 88 92 53
a613 3 23 83
a614 59 77 48
a615 73 83 60
a616 69 77 89
a617 35 39 14
a618 97 115 29
a619 39 58 24
a620 99 102 33
a621 24 41 87
a622 98 112 99
a623 100 114 55
a624 18 22 12
a625 31 36 93
a626 87 104 74
a627 18 26 97
a628 1 20 70
a629 61 70 8
a630 76 86 72
a631 28 41 68
a632 78 90 43
a633 93 111 54
a634 48 59 82
a635 34 38 9
a636 5 12 85
a637 8 14 22
a638 3 20 65
a639 71 72 89
a640 83 88 31
a641 67 74 20
a642 99 112 51
a643 9 26 85
a644 46 64 8
a645 39 57 92
a646 10 28 72
a647 55 59 38
a648 35 49 18
a649 65 77 40
a650 99 114 8
a651 73 83 95
a652 92 100 71
a653 49 52 62
a654 13 21 63
a655 11 12 51
a656 94 109 12
a657 97 114 2
a658 27 47 84
a659 64 84 5
a660 98 106 12
a661 43 60 29
a662 45 53 95
a663 93 100 40
a664 18 29 33
a665 77 92 12
a666 47 50 34
a667 52 58 34
a668 18 31 28
a669 23 28 97
a670 2 6 74
a671 76 82 42
a672 3 14 78
a673 81 82 14
a674 96 111 33
a675 94 100 73
a676 18 19 30
a677 33 44 45
a678 54 72 38
a679 55 72 96
a680 98 107 11
a681 11 23 27
a682 30 44 6
a683 45 64 31
a684 48 49 9
a685 4 17 94
a686 54 61 100
a687 16 19 64
a688 96 107 23
a689 96 103 86
a690 3 4 60
a691 41 48 39
a692 10 15 71
a693 12 29 66
a694 53 59 1
a695 50 68 98
a696 89 100 33
a697 38 44 44
a698 28 32 43
a699 10 28 58
a700 73 89 60
a701 85 97 11
a702 12 24 92
a703 93 104 42
a704 39 50 90
a705 10 30 72
a706 90 110 53
a707 39 55 30
a708 36 52 31
a709 16 34 31
a710 13 25 94
a711 69 86 33
a712 51 58 76
a713 53 61 27
a714 4 20 90
a715 75 94 70
a716 71 89 75
a717 44 51 85
a718 30 47 65
a719 24 32 30
a720 34 47 58
a721 88 96 21
a722 8 24 74
a723 64 68 14
a724 30 33 82
a725 38 50 29
a726 4 15 75
a727 26 35 64
a728 92 102 10
a729 36 53 25
a730 8 11 74
a731 26 42 78
a732 48 66 38
a733 83 97 11
a734 73 91 73
a735 0 6 81
a736 99 116 73
a737 14 22 54
a738 68 77 37
a739 64 68 96
a740 15 27 61
a741 20 40 3
a742 50 70 70
a743 23 28 75
a744 87 90 6
a745 72 74 7
a746 41 57 35
a747 7 15 16
a748 58 62 38
a749 72 83 83
a750 82 98 94
a751 60 62 18
a752 23 40 84
a753 56 59 25
a754 19 37 85
a755 55 65 82
a756 8 13 91
a757 37 42 30
a758 89 102 35
a759 64 69 4
a760 41 55 6
a761 56 58 65
a762 74 86 36
a763 96 113 67
a764 34 43 59
a765 65 81 54
a766 2 3 21
a767 76 86 77
a768 99 100 89
a769 48 49 85
a770 72 91 85
a771 63 66 88
a772 48 61 68
a773 15 34 66
a774 92 104 9
a775 65 75 14
a776 68 69 77
a777 83 94 67
a778 78 83 99
a779 85 100 9
a780 53 61 57
a781 24 44 68
a782 37 54 85
a783 52 66 2
a784 4 8 58
a785 22 33 35
a786 68 76 90
a787 69 88 16
a788 37 47 83
a789 17 26 33
a790 33 44 62
a791 2 3 20
a792 18 36 34
a793 1 6 69
a794 2 11 59
a795 0 12 24
a796 63 76 16
a797 100 102 11
a798 15 24 49
a799 88 92 58
a800 95 104 56
a801 35 51 28
a802 98 117 4
a803 15 28 21
a804 50 60 35
a805 2 12 41
a806 26 41 62
a807 96 97 17
a808 45 48 79
a809 63 82 33
a810 41 56 9
a811 69 80 18
a812 75 93 26
a813 77 79 71
a814 52 53 9
a815 66 70 81
a816 58 67 64
a817 83 99 90
a818 95 102 93
a819 39 57 38
a820 72 82 79
a821 61 78 51
a822 39 44 35
a823 77 94 36
a824 32 50 66
a825 48 49 9
a826 17 26 6
a827 38 42 84
a828 36 40 50
a829 37 45 53
a830 75 90 76
a831 14 33 22
a832 52 61 61
a833 33 42 89
a834 14 23 78
a835 76 86 47
a836 60 77 63
a837 23 25 51
a838 28 40 47
a839 11 17 32
a840 9 18 22
a841 4 15 57
a842 9 21 36
a843 36 43 52
a844 6 23 20
a845 34 35 20
a846 81 101 19
a847 56 71 73
a848 7 22 58
a849 9 25 92
a850 81 83 56
a851 61 76 88
a852 52 72 23
a853 29 31 47
a854 81 84 2
a855 45 64 18
a856 89 109 73
a857 64 78 98
a858 36 39 73
a859 79 93 91
a860 53 67 46
a861 75 91 42
a862 91 94 9
a863 55 63 39
a864 71 89 92
a865 75 89 12
a866 22 36 26
a867 42 50 79
a868 95 97 42
a869 47 55 97
a870 84 96 78
a871 23 42 20
a872 47 55 59
a873 7 9 64
a874 56 68 73
a875 94 110 62
a876 54 63 95
a877 48 53 1
a878 27 30 94
a879 81 97 15
a880 19 38 86
a881 72 80 2
a882 46 59 92
a883 30 42 37
a884 10 29 15
a885 10 22 70
a886 23 36 90
a887 82 87 44
a888 84 85 60
a889 21 27 68
a890 68 85 56
a891 29 40 39
a892 61 69 69
a893 69 80 25
a894 82 87 47
a895 70 78 42
a896 36 37 95
a897 72 85 12
a898 71 83 49
a899 62 65 17
a900 85 101 61
a901 93 111 70
a902 23 28 33
a903 68 69 5
a904 81 82 95
a905 35 53 35
a906 26 34 83
a907 43 46 63
a908 59 68 82
a909 93 102 56
a910 46 61 80
a911 30 45 65
a912 79 92 43
a913 62 66 26
a914 67 76 15
a915 64 69 3
a916 17 23 77
a917 96 107 39
a918 7 12 85
a919 55 62 100
a920 36 50 65
a921 13 19 91
a922 86 94 75
a923 62 80 93
a924 23 31 43
a925 46 66 23
a926 46 50 31
a927 93 105 81
a928 92 93 62
a929 69 87 10
a930 65 71 54
a931 82 83 22
a932 57 66 29
a933 36 52 22
a934 37 39 17
a935 28 31 12
a936 98 110 84
a937 98 118 98
a938 55 61 37
a939 70 80 68
a940 7 19 58
a941 30 34 52
a942 58 59 62
a943 13 28 26
a944 48 56 98
a945 81 87 100
a946 80 90 19
a947 71 74 44
a948 55 58 67
a949 52 61 13
a950 30 34 82
a951 56 62 38
a952 3 21 92
a953 58 61 40
a954 34 39 51
a955 100 116 70
a956 61 73 45
a957 4 18 20
a958 41 53 18
a959 36 55 89
a960 52 55 55
a961 98 108 45
a962 78 80 30
a963 23 39 91
a964 89 102 48
a965 23 35 19
a966 40 41 53
a967 38 44 54
a968 63 71 18
a969 0 13 87
a970 53 60 99
a971 67 78 64
a972 12 29 22
a973 11 13 38
a974 44 46 19
a975 27 41 25
a976 29 40 76
a977 55 73 67
a978 55 62 93
a979 50 61 90
a980 23 28 33
a981 70 83 78
a982 48 61 16
a983 75 87 85
a984 98 104 23
a985 6 16 41
a986 94 104 28
a987 50 52 30
a988 44 49 66
a989 65 76 11
a990 55 65 30
a991 39 56 1
a992 93 97 56
a993 9 17 62
a994 67 74 30
a995 85 104 34
a996 95 110 15
a997 49 58 34
a998 67 79 10
a999 72 79 53
a1000 35 54 30
