2000
a001 59 79 48
a002 34 39 24
a003 86 87 44
a004 64 79 78
a005 10 21 71
a006 78 80 94
a007 48 54 91
a008 57 71 21
a009 21 29 7
a010 14 19 65
a011 75 78 100
a012 88 101 96
a013 13 23 27
a014 86 94 93
a015 53 56 99
a016 34 41 51
a017 35 46 6
a018 25 26 53
a019 7 20 63
a020 17 18 31
a021 54 58 77
a022 0 4 98
a023 74 81 26
a024 42 43 11
a025 17 35 3
a026 64 67 74
a027 63 81 26
a028 53 56 51
a029 24 27 90
a030 74 79 23
a031 77 79 7
a032 34 52 88
a033 77 82 96
a034 34 53 5
a035 15 28 31
a036 20 40 65
a037 5 17 87
a038 66 85 73
a039 99 102 45
a040 14 33 47
a041 57 64 52
a042 25 44 96
a043 2 15 78
a044 42 43 56
a045 14 21 29
a046 56 65 42
a047 11 21 81
a048 36 40 67
a049 100 102 4
a050 48 66 55
a051 63 75 91
a052 99 107 73
a053 94 97 55
a054 82 90 13
a055 97 110 66
a056 47 65 48
a057 17 27 22
a058 88 97 4
a059 6 12 34
a060 21 25 78
a061 18 19 7
a062 7 22 27
a063 100 113 38
a064 78 79 46
a065 36 41 62
a066 71 80 18
a067 11 29 38
a068 89 93 9
a069 53 68 19
a070 90 108 98
a071 49 68 22
a072 84 93 99
a073 76 96 64
a074 44 48 7
a075 35 52 17
a076 22 25 21
a077 99 107 2
a078 25 31 61
a079 58 77 72
a080 69 82 11
a081 22 40 62
a082 75 84 69
a083 8 9 75
a084 74 88 70
a085 39 56 68
a086 68 71 83
a087 73 91 39
a088 8 16 93
a089 17 21 13
a090 89 105 59
a091 7 23 82
a092 93 95 87
a093 77 78 48
a094 31 46 30
a095 47 66 80
a096 63 71 5
a097 79 99 11
a098 78 80 87
a099 52 66 76
a100 8 11 25
a101 4 24 97
a102 23 26 9
a103 3 15 80
a104 60 78 69
a105 60 61 91
a106 99 102 43
a107 10 21 2
a108 59 74 76
a109 19 32 62
a110 17 21 45
a111 85 93 58
a112 99 104 25
a113 28 32 15
a114 6 10 10
a115 82 85 48
a116 13 14 60
a117 80 97 26
a118 47 50 31
a119 0 9 98
a120 66 73 2
a121 56 65 79
a122 2 6 67
a123 53 55 33
a124 60 71 78
a125 28 30 88
a126 35 40 39
a127 4 10 46
a128 100 113 1
a129 38 42 4
a130 40 55 32
a131 53 73 42
a132 62 81 45
a133 51 65 27
a134 10 19 39
a135 59 74 79
a136 72 87 57
a137 49 55 43
a138 51 53 42
a139 11 17 41
a140 69 70 25
a141 27 39 85
a142 17 20 44
a143 57 77 77
a144 97 110 28
a145 89 107 99
a146 42 45 3
a147 85 103 54
a148 60 68 94
a149 41 58 65
a150 12 27 92
a151 0 10 69
a152 26 29 29
a153 1 12 6
a154 11 16 43
a155 20 24 66
a156 51 64 50
a157 75 92 18
a158 65 77 46
a159 34 41 42
a160 49 68 24
a161 78 84 74
a162 21 22 40
a163 87 88 36
a164 61 78 97
a165 86 100 97
a166 11 20 37
a167 18 35 58
a168 61 69 23
a169 42 47 96
a170 86 98 96
a171 76 78 70
a172 35 47 4
a173 74 80 69
a174 99 103 59
a175 17 28 27
a176 95 113 18
a177 54 61 66
a178 25 44 55
a179 1 19 7
a180 99 111 64
a181 47 49 48
a182 51 66 56
a183 80 87 72
a184 12 18 76
a185 10 22 34
a186 31 47 68
a187 23 40 2
a188 84 102 43
a189 85 93 23
a190 3 5 92
a191 75 94 26
a192 84 95 37
a193 90 95 43
a194 38 51 5
a195 9 22 100
a196 31 46 60
a197 88 90 41
a198 22 27 74
a199 91 98 82
a200 85 102 75
a201 48 65 20
a202 48 50 51
a203 17 27 54
a204 61 67 86
a205 81 101 13
a206 65 81 67
a207 33 42 48
a208 78 90 69
a209 1 8 95
a210 7 24 60
a211 39 43 27
a212 1 8 60
a213 92 96 33
a214 39 49 29
a215 1 7 86
a216 81 95 35
a217 47 59 42
a218 71 77 71
a219 87 88 18
a220 94 101 12
a221 6 13 3
a222 33 48 46
a223 45 63 99
a224 90 93 13
a225 90 104 91
a226 54 60 8
a227 31 50 20
a228 65 84 54
a229 46 53 82
a230 44 61 67
a231 52 54 21
a232 69 80 36
a233 58 68 37
a234 55 73 55
a235 95 99 8
a236 45 53 53
a237 33 45 58
a238 47 50 53
a239 65 71 9
a240 82 86 92
a241 82 93 55
a242 63 64 40
a243 55 58 50
a244 33 40 75
a245 60 66 78
a246 3 11 38
a247 90 91 67
a248 15 34 74
a249 0 7 57
a250 78 82 49
a251 64 73 89
a252 23 26 68
a253 67 77 19
a254 95 109 24
a255 25 35 61
a256 36 52 97
a257 64 75 88
a258 64 79 8
a259 75 93 82
a260 90 106 12
a261 10 24 97
a262 99 110 10
a263 61 67 76
a264 68 88 20
a265 82 98 90
a266 52 70 64
a267 14 33 66
a268 1 11 57
a269 89 108 11
a270 72 81 98
a271 71 77 36
a272 0 11 66
a273 94 109 67
a274 98 110 42
a275 98 104 21
a276 89 100 90
a277 90 101 43
a278 61 64 42
a279 89 99 13
a280 72 81 39
a281 7 27 51
a282 60 63 40
a283 52 60 58
a284 37 50 58
a285 65 67 27
a286 21 25 74
a287 8 11 12
a288 98 108 2
a289 61 71 100
a290 6 21 94
a291 21 27 12
a292 34 38 16
a293 97 103 33
a294 80 92 34
a295 28 35 91
a296 88 95 64
a297 72 90 25
a298 52 61 60
a299 31 44 90
a300 11 20 35
a301 19 25 97
a302 2 22 77
a303 48 53 59
a304 63 67 77
a305 13 33 50
a306 50 68 43
a307 17 25 44
a308 30 42 70
a309 80 83 14
a310 10 11 47
a311 72 87 48
a312 82 90 87
a313 57 75 84
a314 0 15 33
a315 87 106 44
a316 20 32 9
a317 37 44 35
a318 78 84 52
a319 15 16 31
a320 72 77 3
a321 87 93 79
a322 9 22 17
a323 53 62 76
a324 83 99 10
a325 53 58 36
a326 13 30 20
a327 18 34 68
a328 33 34 48
a329 12 31 75
a330 82 92 83
a331 15 16 30
a332 100 116 72
a333 95 101 67
a334 84 96 36
a335 25 31 87
a336 43 44 96
a337 30 33 25
a338 1 14 91
a339 0 16 3
a340 91 93 96
a341 93 100 39
a342 82 92 70
a343 9 23 71
a344 26 43 27
a345 11 15 11
a346 27 38 5
a347 58 64 92
a348 73 82 76
a349 45 49 71
a350 34 43 19
a351 7 9 47
a352 88 91 19
a353 97 108 90
a354 2 11 73
a355 30 36 4
a356 74 76 55
a357 0 12 90
a358 9 14 25
a359 18 37 89
a360 58 76 60
a361 40 60 58
a362 75 91 29
a363 25 41 35
a364 56 58 61
a365 73 80 19
a366 57 63 61
a367 14 28 48
a368 95 101 43
a369 59 79 13
a370 85 87 18
a371 8 20 9
a372 32 49 34
a373 15 32 36
a374 56 70 28
a375 100 113 28
a376 37 50 66
a377 40 52 20
a378 25 28 6
a379 6 17 93
a380 75 78 59
a381 53 65 92
a382 77 78 96
a383 42 48 98
a384 93 108 33
a385 7 9 100
a386 33 48 30
a387 3 12 51
a388 6 13 55
a389 13 24 8
a390 83 96 15
a391 53 73 11
a392 66 76 45
a393 31 32 91
a394 60 66 53
a395 23 25 97
a396 46 60 51
a397 45 55 71
a398 70 71 81
a399 90 104 44
a400 83 99 3
a401 40 47 31
a402 15 28 46
a403 91 104 77
a404 80 83 45
a405 53 69 85
a406 86 93 48
a407 49 57 73
a408 46 50 38
a409 8 22 76
a410 39 49 60
a411 72 79 50
a412 26 43 88
a413 41 55 76
a414 47 65 44
a415 23 25 10
a416 96 98 58
a417 43 50 13
a418 100 120 29
a419 74 79 45
a420 86 94 74
a421 96 116 45
a422 7 13 38
a423 15 32 17
a424 1 2 27
a425 64 72 98
a426 82 95 29
a427 7 17 13
a428 49 51 93
a429 100 109 100
a430 30 47 58
a431 28 34 47
a432 47 56 97
a433 6 7 42
a434 39 42 84
a435 81 101 1
a436 14 18 22
a437 39 47 85
a438 65 66 100
a439 59 71 59
a440 13 26 32
a441 18 35 73
a442 40 41 70
a443 9 28 7
a444 80 98 65
a445 0 20 7
a446 13 24 11
a447 42 44 15
a448 6 12 88
a449 70 72 51
a450 77 84 76
a451 76 85 95
a452 86 104 92
a453 92 93 31
a454 6 12 31
a455 24 39 12
a456 97 115 4
a457 26 43 64
a458 41 55 11
a459 3 13 12
a460 3 4 12
a461 32 43 72
a462 91 104 32
a463 49 52 3
a464 79 99 16
a465 48 54 16
a466 12 31 21
a467 8 16 80
a468 25 27 43
a469 9 16 61
a470 75 76 28
a471 66 78 39
a472 42 58 54
a473 94 106 89
a474 11 23 14
a475 42 54 24
a476 38 57 17
a477 58 63 64
a478 58 75 45
a479 74 81 20
a480 92 95 34
a481 62 63 21
a482 68 72 49
a483 98 99 55
a484 9 29 97
a485 30 37 66
a486 13 16 99
a487 27 42 53
a488 4 5 99
a489 72 82 41
a490 75 80 12
a491 90 92 9
a492 63 79 56
a493 69 88 48
a494 87 103 69
a495 45 55 100
a496 93 111 91
a497 96 101 100
a498 67 83 97
a499 59 66 19
a500 83 100 94
a501 52 54 9
a502 90 96 83
a503 98 103 4
a504 93 108 29
a505 18 23 35
a506 68 85 1
a507 65 79 23
a508 91 96 55
a509 30 44 74
a510 83 102 26
a511 68 70 2
a512 90 107 92
a513 13 20 43
a514 72 87 5
a515 4 12 20
a516 79 83 39
a517 9 22 40
a518 1 4 47
a519 99 102 91
a520 48 55 32
a521 48 55 42
a522 82 86 63
a523 57 69 56
a524 43 60 79
a525 94 112 46
a526 92 105 99
a527 70 87 29
a528 77 88 35
a529 18 32 74
a530 95 101 59
a531 35 39 5
a532 50 69 22
a533 73 92 44
a534 45 46 36
a535 73 76 20
a536 58 75 1
a537 55 62 6
a538 55 63 97
a539 96 113 59
a540 59 67 17
a541 87 95 85
a542 77 97 75
a543 86 101 46
a544 59 67 10
a545 21 41 44
a546 54 67 81
a547 63 83 52
a548 78 95 52
a549 50 65 87
a550 81 101 12
a551 71 81 89
a552 65 80 24
a553 4 7 64
a554 84 90 25
a555 55 72 87
a556 80 98 99
a557 69 81 4
a558 42 49 16
a559 50 70 31
a560 38 58 14
a561 43 45 86
a562 29 33 58
a563 84 102 60
a564 51 65 74
a565 80 87 45
a566 35 36 83
a567 68 83 9
a568 14 23 60
a569 23 35 33
a570 26 34 54
a571 13 31 68
a572 84 101 26
a573 81 90 56
a574 89 91 41
a575 77 79 63
a576 70 81 43
a577 83 86 12
a578 54 59 5
a579 52 62 79
a580 79 83 42
a581 94 113 54
a582 3 10 31
a583 51 65 87
a584 81 84 52
a585 99 116 50
a586 33 51 9
a587 80 88 86
a588 86 99 85
a589 73 81 48
a590 95 112 91
a591 38 52 95
a592 13 16 87
a593 24 34 56
a594 64 77 51
a595 74 76 21
a596 92 100 14
a597 38 51 60
a598 91 106 61
a599 73 92 5
a600 76 96 6
a601 48 54 20
a602 36 55 66
a603 66 69 5
a604 55 56 53
a605 60 68 81
a606 91 95 7
a607 93 102 40
a608 30 32 73
a609 73 78 70
a610 89 90 81
a611 39 41 49
a612 54 62 80
a613 23 36 100
a614 33 35 37
a615 6 10 71
a616 71 76 96
a617 38 46 7
a618 76 91 36
a619 30 36 96
a620 15 27 81
a621 56 72 70
a622 95 112 51
a623 5 9 17
a624 61 73 93
a625 41 48 12
a626 89 109 47
a627 61 76 13
a628 30 34 10
a629 53 71 97
a630 98 111 90
a631 32 38 74
a632 56 60 32
a633 99 104 61
a634 7 25 12
a635 77 88 94
a636 85 100 36
a637 99 115 71
a638 51 68 24
a639 51 59 36
a640 74 80 32
a641 94 110 40
a642 88 89 28
a643 12 24 31
a644 82 94 74
a645 62 63 23
a646 74 79 60
a647 43 56 21
a648 60 70 35
a649 66 69 97
a650 60 74 58
a651 48 61 45
a652 28 30 88
a653 97 110 56
a654 97 109 61
a655 86 89 2
a656 69 84 94
a657 34 40 20
a658 78 87 2
a659 15 17 99
a660 49 52 32
a661 80 86 26
a662 42 53 26
a663 65 84 13
a664 94 102 15
a665 48 51 42
a666 20 33 69
a667 22 39 14
a668 28 36 46
a669 34 45 75
a670 6 15 64
a671 97 115 38
a672 76 95 18
a673 69 86 85
a674 45 59 3
a675 19 34 45
a676 69 89 70
a677 72 91 21
a678 25 30 35
a679 4 21 71
a680 84 103 41
a681 92 97 83
a682 19 27 98
a683 4 15 11
a684 71 73 10
a685 82 90 28
a686 78 82 2
a687 32 40 51
a688 47 51 14
a689 39 56 2
a690 46 62 47
a691 81 85 12
a692 77 97 86
a693 40 52 77
a694 47 63 30
a695 82 85 89
a696 100 116 15
a697 92 101 4
a698 80 89 93
a699 48 64 11
a700 96 104 95
a701 74 86 91
a702 43 62 56
a703 91 96 28
a704 63 74 11
a705 39 40 64
a706 68 80 73
a707 22 34 72
a708 88 99 36
a709 8 21 90
a710 65 76 1
a711 93 109 92
a712 64 66 67
a713 12 19 30
a714 9 15 40
a715 68 85 96
a716 80 83 24
a717 66 84 37
a718 100 117 40
a719 58 76 25
a720 20 34 46
a721 24 40 83
a722 59 65 69
a723 30 38 65
a724 4 11 21
a725 62 81 57
a726 49 58 44
a727 18 26 36
a728 94 95 14
a729 86 89 94
a730 61 70 70
a731 17 21 8
a732 80 81 68
a733 46 60 70
a734 33 38 84
a735 25 44 92
a736 70 86 57
a737 43 52 47
a738 92 100 86
a739 66 79 5
a740 49 62 44
a741 43 55 28
a742 45 61 38
a743 24 34 4
a744 26 41 22
a745 28 47 78
a746 58 72 5
a747 39 53 9
a748 95 96 66
a749 28 34 46
a750 73 77 48
a751 38 57 46
a752 61 79 81
a753 0 15 8
a754 50 65 83
a755 58 78 85
a756 59 66 49
a757 89 106 63
a758 92 106 41
a759 34 54 11
a760 40 59 91
a761 87 93 96
a762 51 67 62
a763 71 90 4
a764 98 99 17
a765 29 39 30
a766 39 45 53
a767 53 68 36
a768 78 84 19
a769 21 39 40
a770 16 23 56
a771 76 77 98
a772 5 22 37
a773 75 83 63
a774 58 64 53
a775 67 73 91
a776 96 111 13
a777 48 54 79
a778 41 56 27
a779 41 56 61
a780 2 14 94
a781 84 95 15
a782 38 44 32
a783 35 38 77
a784 82 95 17
a785 72 89 29
a786 29 31 48
a787 37 57 41
a788 13 16 73
a789 53 66 49
a790 48 58 98
a791 59 67 6
a792 40 45 69
a793 98 103 72
a794 18 30 52
a795 16 36 30
a796 63 75 60
a797 73 89 71
a798 44 61 24
a799 40 52 46
a800 47 66 3
a801 88 95 65
a802 62 77 90
a803 97 98 54
a804 59 70 10
a805 93 95 81
a806 94 101 5
a807 33 35 22
a808 79 94 93
a809 90 93 55
a810 40 57 69
a811 80 97 7
a812 73 87 97
a813 61 62 67
a814 89 106 23
a815 90 107 17
a816 85 96 83
a817 3 16 95
a818 81 90 80
a819 62 81 58
a820 53 71 76
a821 6 12 100
a822 6 14 61
a823 43 50 28
a824 66 76 76
a825 83 90 12
a826 8 25 45
a827 91 100 94
a828 88 105 54
a829 28 44 25
a830 16 27 74
a831 95 107 36
a832 17 23 41
a833 45 47 60
a834 94 109 52
a835 5 7 76
a836 74 78 71
a837 40 50 91
a838 93 108 51
a839 7 16 19
a840 72 84 72
a841 42 52 53
a842 51 67 59
a843 33 45 65
a844 31 47 46
a845 7 22 30
a846 7 12 78
a847 10 28 5
a848 23 37 34
a849 45 61 40
a850 72 85 67
a851 90 101 64
a852 91 98 68
a853 57 70 73
a854 92 111 71
a855 56 70 11
a856 15 23 81
a857 64 84 15
a858 6 17 43
a859 39 59 14
a860 5 15 8
a861 38 53 45
a862 46 50 87
a863 31 34 35
a864 38 44 2
a865 84 86 7
a866 94 102 46
a867 90 110 3
a868 67 71 100
a869 98 108 91
a870 98 106 94
a871 93 105 23
a872 86 98 67
a873 86 92 81
a874 26 43 33
a875 88 101 9
a876 1 20 19
a877 49 52 21
a878 8 23 95
a879 63 79 49
a880 5 17 39
a881 46 62 7
a882 46 63 30
a883 81 88 72
a884 96 114 61
a885 99 114 38
a886 59 61 83
a887 14 23 97
a888 80 83 1
a889 85 101 79
a890 25 36 46
a891 68 75 35
a892 1 4 7
a893 58 59 52
a894 66 81 13
a895 61 80 100
a896 72 77 32
a897 95 111 39
a898 52 57 69
a899 31 38 68
a900 17 37 13
a901 83 99 10
a902 98 107 70
a903 84 101 58
a904 80 89 84
a905 89 102 73
a906 33 50 15
a907 95 105 51
a908 23 24 9
a909 90 109 58
a910 66 70 88
a911 91 105 71
a912 67 77 100
a913 67 80 59
a914 85 103 95
a915 15 35 100
a916 74 90 53
a917 65 80 6
a918 7 20 42
a919 12 18 88
a920 3 21 62
a921 4 18 53
a922 97 116 23
a923 66 84 37
a924 22 30 33
a925 76 84 58
a926 92 100 13
a927 5 15 34
a928 0 1 99
a929 68 82 22
a930 17 18 39
a931 20 30 93
a932 20 21 38
a933 76 89 84
a934 24 30 61
a935 59 69 45
a936 20 30 90
a937 78 97 44
a938 68 88 71
a939 55 70 76
a940 36 49 11
a941 44 49 13
a942 41 52 55
a943 11 28 98
a944 6 18 79
a945 67 84 24
a946 53 66 56
a947 47 54 80
a948 84 88 51
a949 29 33 10
a950 81 88 23
a951 70 73 15
a952 91 94 55
a953 48 56 65
a954 36 39 36
a955 35 39 5
a956 7 12 63
a957 39 54 87
a958 64 72 6
a959 32 42 67
a960 8 17 52
a961 63 82 78
a962 33 53 55
a963 96 109 44
a964 26 41 73
a965 82 86 98
a966 84 104 22
a967 56 68 38
a968 21 30 32
a969 40 42 46
a970 31 40 78
a971 49 68 23
a972 98 116 71
a973 21 25 12
a974 8 9 38
a975 77 84 14
a976 54 68 57
a977 3 5 68
a978 85 105 98
a979 78 97 42
a980 0 3 54
a981 85 93 59
a982 93 108 89
a983 33 47 62
a984 49 51 3
a985 64 79 69
a986 4 7 55
a987 8 24 100
a988 41 60 52
a989 75 83 57
a990 28 41 41
a991 16 34 28
a992 19 38 81
a993 23 27 97
a994 23 42 91
a995 12 16 96
a996 70 74 89
a997 63 79 32
a998 36 46 9
a999 60 75 8
a1000 50 64 53
a1001 59 65 66
a1002 73 92 47
a1003 92 95 58
a1004 29 39 44
a1005 76 93 9
a1006 81 97 73
a1007 67 72 50
a1008 47 53 86
a1009 72 76 55
a1010 49 50 97
a1011 18 36 38
a1012 76 90 5
a1013 62 63 9
a1014 92 102 97
a1015 32 50 5
a1016 82 97 43
a1017 20 34 41
a1018 90 104 39
a1019 66 67 18
a1020 54 55 39
a1021 9 21 50
a1022 38 44 37
a1023 16 34 42
a1024 93 98 57
a1025 58 76 69
a1026 91 97 49
a1027 56 71 28
a1028 10 22 24
a1029 66 76 82
a1030 3 16 24
a1031 26 33 97
a1032 38 39 88
a1033 75 94 13
a1034 40 47 76
a1035 72 85 65
a1036 1 4 22
a1037 95 99 65
a1038 61 63 16
a1039 41 53 98
a1040 48 67 23
a1041 36 45 44
a1042 25 45 65
a1043 98 110 78
a1044 60 65 48
a1045 74 75 37
a1046 48 58 15
a1047 80 95 90
a1048 48 66 19
a1049 56 76 99
a1050 1 19 96
a1051 29 32 83
a1052 77 87 30
a1053 49 68 61
a1054 74 83 69
a1055 17 33 72
a1056 77 79 16
a1057 63 74 29
a1058 44 60 64
a1059 31 37 90
a1060 62 67 22
a1061 100 112 82
a1062 80 97 23
a1063 70 87 86
a1064 47 65 73
a1065 49 63 16
a1066 85 102 61
a1067 89 99 45
a1068 18 21 36
a1069 67 85 63
a1070 57 65 81
a1071 24 33 11
a1072 94 112 3
a1073 15 34 72
a1074 79 97 60
a1075 48 57 24
a1076 4 12 25
a1077 32 34 22
a1078 12 16 8
a1079 74 91 72
a1080 26 35 88
a1081 37 56 92
a1082 8 9 25
a1083 70 74 95
a1084 32 50 7
a1085 56 61 99
a1086 42 57 41
a1087 68 74 23
a1088 30 39 86
a1089 12 16 23
a1090 10 17 95
a1091 78 81 42
a1092 77 94 72
a1093 72 80 63
a1094 71 87 68
a1095 22 25 48
a1096 46 54 11
a1097 38 56 36
a1098 73 79 17
a1099 27 33 8
a1100 34 35 55
a1101 98 118 43
a1102 23 37 7
a1103 57 75 43
a1104 91 110 24
a1105 33 46 1
a1106 58 63 84
a1107 88 91 93
a1108 86 95 70
a1109 16 26 6
a1110 42 46 43
a1111 99 107 60
a1112 9 19 16
a1113 1 5 20
a1114 86 106 12
a1115 16 36 53
a1116 18 35 38
a1117 76 91 17
a1118 70 79 30
a1119 56 63 49
a1120 99 103 3
a1121 88 91 3
a1122 38 40 46
a1123 66 81 27
a1124 2 18 67
a1125 6 11 13
a1126 84 100 40
a1127 86 106 98
a1128 23 33 62
a1129 55 68 66
a1130 53 62 70
a1131 33 50 93
a1132 46 65 47
a1133 4 24 74
a1134 35 36 22
a1135 41 61 39
a1136 77 78 39
a1137 34 45 21
a1138 22 38 67
a1139 65 70 100
a1140 73 79 86
a1141 36 40 42
a1142 46 61 37
a1143 84 95 1
a1144 77 96 1
a1145 78 82 77
a1146 72 78 100
a1147 68 70 93
a1148 34 43 72
a1149 58 70 38
a1150 38 45 49
a1151 39 40 40
a1152 42 62 55
a1153 24 27 14
a1154 66 68 92
a1155 6 12 86
a1156 75 87 90
a1157 95 112 41
a1158 81 98 72
a1159 84 85 96
a1160 73 83 47
a1161 5 19 6
a1162 41 51 42
a1163 95 109 98
a1164 65 74 47
a1165 19 38 13
a1166 3 22 7
a1167 1 16 90
a1168 27 41 16
a1169 88 106 20
a1170 81 100 8
a1171 15 23 30
a1172 87 104 55
a1173 14 25 92
a1174 43 44 18
a1175 39 48 79
a1176 95 96 58
a1177 23 29 51
a1178 73 90 17
a1179 65 74 78
a1180 34 51 97
a1181 8 17 84
a1182 24 42 91
a1183 73 86 71
a1184 35 40 59
a1185 19 25 48
a1186 57 60 85
a1187 38 58 18
a1188 40 55 16
a1189 29 32 22
a1190 82 94 52
a1191 24 26 52
a1192 80 82 52
a1193 18 36 97
a1194 0 12 2
a1195 63 68 88
a1196 58 65 12
a1197 40 43 19
a1198 28 46 18
a1199 40 46 48
a1200 96 114 5
a1201 36 44 63
a1202 16 20 81
a1203 6 10 3
a1204 95 112 70
a1205 48 59 32
a1206 91 101 3
a1207 62 68 88
a1208 4 14 6
a1209 48 51 62
a1210 53 66 69
a1211 33 34 87
a1212 9 13 2
a1213 23 24 18
a1214 89 96 31
a1215 19 30 65
a1216 7 11 64
a1217 32 34 67
a1218 85 98 66
a1219 23 32 59
a1220 91 111 11
a1221 7 19 80
a1222 49 63 39
a1223 24 36 59
a1224 75 76 59
a1225 73 90 58
a1226 62 76 57
a1227 52 65 44
a1228 23 25 31
a1229 65 73 92
a1230 16 29 9
a1231 43 54 12
a1232 51 56 88
a1233 72 92 63
a1234 83 97 98
a1235 70 86 96
a1236 83 87 22
a1237 47 59 58
a1238 87 106 3
a1239 47 58 17
a1240 32 43 59
a1241 42 47 76
a1242 10 11 71
a1243 14 26 17
a1244 6 14 30
a1245 23 36 15
a1246 39 49 70
a1247 25 33 58
a1248 95 115 79
a1249 96 110 23
a1250 74 75 13
a1251 64 76 97
a1252 13 21 47
a1253 56 58 69
a1254 14 21 93
a1255 64 81 26
a1256 49 61 53
a1257 46 58 24
a1258 65 85 27
a1259 78 89 64
a1260 48 61 95
a1261 67 87 75
a1262 100 109 78
a1263 24 37 43
a1264 59 79 40
a1265 39 40 62
a1266 57 74 90
a1267 19 33 16
a1268 73 90 22
a1269 91 110 23
a1270 98 100 30
a1271 96 105 89
a1272 76 84 27
a1273 32 47 95
a1274 86 91 93
a1275 84 103 45
a1276 21 27 98
a1277 81 91 93
a1278 7 20 15
a1279 75 77 21
a1280 41 46 49
a1281 96 98 90
a1282 86 87 44
a1283 80 99 37
a1284 19 27 96
a1285 77 85 80
a1286 48 51 38
a1287 84 86 60
a1288 80 90 17
a1289 26 43 61
a1290 33 36 85
a1291 95 104 50
a1292 99 108 2
a1293 24 30 12
a1294 12 32 71
a1295 9 17 34
a1296 68 78 87
a1297 68 82 51
a1298 72 73 25
a1299 99 114 11
a1300 59 70 9
a1301 52 63 41
a1302 36 49 41
a1303 55 57 51
a1304 35 42 8
a1305 54 58 5
a1306 92 94 64
a1307 27 28 40
a1308 20 28 30
a1309 80 95 14
a1310 52 69 27
a1311 37 49 56
a1312 24 36 32
a1313 34 50 22
a1314 6 15 50
a1315 34 37 93
a1316 71 89 21
a1317 96 110 82
a1318 68 70 82
a1319 71 74 62
a1320 22 38 92
a1321 17 18 4
a1322 14 33 5
a1323 98 99 17
a1324 81 101 78
a1325 14 18 11
a1326 70 89 33
a1327 32 45 82
a1328 72 78 49
a1329 2 4 62
a1330 12 14 46
a1331 49 67 85
a1332 3 11 21
a1333 34 54 45
a1334 41 56 15
a1335 67 72 89
a1336 58 73 42
a1337 24 33 64
a1338 29 45 32
a1339 77 87 59
a1340 85 99 41
a1341 24 30 61
a1342 35 52 72
a1343 45 54 93
a1344 34 46 20
a1345 88 94 23
a1346 75 91 35
a1347 78 92 57
a1348 11 25 12
a1349 38 58 96
a1350 12 19 10
a1351 5 23 70
a1352 78 92 10
a1353 40 45 86
a1354 63 65 44
a1355 43 63 64
a1356 85 88 65
a1357 25 30 49
a1358 60 77 19
a1359 29 43 25
a1360 36 50 64
a1361 41 47 79
a1362 79 91 81
a1363 49 57 4
a1364 44 50 17
a1365 17 31 94
a1366 29 35 23
a1367 42 54 42
a1368 60 66 81
a1369 7 21 46
a1370 82 101 26
a1371 42 52 84
a1372 6 25 53
a1373 5 8 84
a1374 10 19 87
a1375 41 58 15
a1376 7 22 57
a1377 6 8 80
a1378 73 87 72
a1379 91 106 96
a1380 5 21 35
a1381 18 31 36
a1382 40 50 67
a1383 25 34 95
a1384 35 38 35
a1385 39 58 22
a1386 72 87 58
a1387 77 87 90
a1388 76 90 92
a1389 9 18 83
a1390 52 64 97
a1391 95 111 32
a1392 67 71 40
a1393 96 115 92
a1394 83 98 80
a1395 48 55 60
a1396 62 65 8
a1397 56 62 80
a1398 16 32 91
a1399 4 14 79
a1400 88 90 93
a1401 48 65 82
a1402 33 42 36
a1403 5 9 62
a1404 54 62 41
a1405 80 81 19
a1406 88 107 39
a1407 28 39 93
a1408 56 59 61
a1409 18 22 63
a1410 5 22 6
a1411 19 21 30
a1412 24 35 9
a1413 86 94 98
a1414 61 81 50
a1415 21 22 40
a1416 15 17 39
a1417 53 66 25
a1418 5 14 42
a1419 5 12 22
a1420 35 47 31
a1421 16 33 8
a1422 99 112 66
a1423 61 62 69
a1424 97 98 13
a1425 81 90 35
a1426 96 114 15
a1427 21 31 98
a1428 26 28 20
a1429 6 19 60
a1430 22 38 23
a1431 66 70 55
a1432 24 43 13
a1433 18 29 25
a1434 40 55 28
a1435 25 28 34
a1436 4 13 28
a1437 9 12 97
a1438 54 56 1
a1439 54 59 92
a1440 70 87 33
a1441 23 31 44
a1442 46 51 42
a1443 81 83 41
a1444 31 49 67
a1445 10 23 75
a1446 100 112 44
a1447 96 102 2
a1448 72 88 93
a1449 83 91 90
a1450 35 48 65
a1451 77 90 71
a1452 64 75 20
a1453 51 70 74
a1454 60 67 44
a1455 96 103 34
a1456 20 40 32
a1457 93 104 43
a1458 70 79 37
a1459 80 93 48
a1460 36 51 66
a1461 94 110 91
a1462 6 16 72
a1463 27 41 16
a1464 29 38 77
a1465 25 32 49
a1466 72 78 63
a1467 81 99 30
a1468 82 101 50
a1469 35 46 45
a1470 64 81 39
a1471 5 24 64
a1472 36 54 10
a1473 56 73 25
a1474 16 20 65
a1475 100 117 10
a1476 34 35 37
a1477 82 85 5
a1478 60 75 31
a1479 8 28 65
a1480 0 5 35
a1481 99 109 69
a1482 91 107 62
a1483 21 37 35
a1484 32 34 22
a1485 44 57 69
a1486 24 28 89
a1487 89 104 1
a1488 10 24 56
a1489 30 48 67
a1490 82 99 31
a1491 49 62 100
a1492 91 108 66
a1493 73 86 96
a1494 80 94 95
a1495 3 5 74
a1496 43 58 23
a1497 93 97 36
a1498 36 48 9
a1499 26 37 6
a1500 87 105 99
a1501 64 69 75
a1502 51 59 61
a1503 3 18 85
a1504 46 49 100
a1505 97 112 15
a1506 11 28 86
a1507 82 85 77
a1508 27 47 97
a1509 14 20 50
a1510 72 84 38
a1511 92 100 87
a1512 16 35 31
a1513 73 75 58
a1514 55 66 60
a1515 0 10 73
a1516 61 76 25
a1517 25 26 41
a1518 76 84 4
a1519 6 12 33
a1520 68 78 6
a1521 56 70 88
a1522 57 64 77
a1523 26 35 19
a1524 90 97 99
a1525 33 35 81
a1526 69 84 56
a1527 24 28 51
a1528 100 119 30
a1529 16 35 46
a1530 93 96 34
a1531 42 57 73
a1532 95 97 85
a1533 37 46 67
a1534 52 58 67
a1535 26 41 12
a1536 29 32 70
a1537 0 4 41
a1538 76 82 32
a1539 2 16 67
a1540 52 53 39
a1541 44 47 86
a1542 79 88 98
a1543 62 75 2
a1544 45 59 27
a1545 35 54 83
a1546 23 26 95
a1547 88 92 69
a1548 30 45 7
a1549 43 56 95
a1550 27 31 14
a1551 16 30 73
a1552 91 105 60
a1553 40 59 48
a1554 48 56 34
a1555 22 31 45
a1556 28 44 34
a1557 9 21 36
a1558 52 61 54
a1559 40 49 20
a1560 84 98 89
a1561 51 53 13
a1562 5 15 16
a1563 97 105 15
a1564 51 69 73
a1565 0 9 86
a1566 15 31 33
a1567 98 108 13
a1568 50 64 96
a1569 82 101 9
a1570 61 74 75
a1571 62 70 19
a1572 59 64 74
a1573 87 93 37
a1574 7 25 78
a1575 10 13 77
a1576 57 60 90
a1577 47 61 88
a1578 38 57 95
a1579 66 67 46
a1580 78 81 88
a1581 7 24 74
a1582 46 47 40
a1583 24 33 98
a1584 4 21 42
a1585 12 31 78
a1586 100 118 6
a1587 6 10 60
a1588 60 69 27
a1589 44 55 95
a1590 77 82 87
a1591 11 12 93
a1592 94 106 73
a1593 33 46 31
a1594 91 105 87
a1595 69 85 12
a1596 53 55 41
a1597 89 96 35
a1598 23 43 83
a1599 70 86 53
a1600 62 78 97
a1601 35 50 73
a1602 43 54 21
a1603 25 33 85
a1604 98 105 11
a1605 53 64 85
a1606 26 45 83
a1607 78 93 26
a1608 55 63 10
a1609 38 44 62
a1610 94 112 92
a1611 52 54 92
a1612 23 27 95
a1613 9 28 32
a1614 27 47 44
a1615 4 7 4
a1616 77 97 40
a1617 2 20 1
a1618 100 101 1
a1619 75 85 82
a1620 17 28 66
a1621 76 94 18
a1622 16 21 59
a1623 24 44 26
a1624 17 24 63
a1625 6 17 54
a1626 54 64 62
a1627 19 37 95
a1628 17 19 61
a1629 46 56 19
a1630 95 111 35
a1631 41 47 7
a1632 34 52 36
a1633 25 38 33
a1634 29 35 64
a1635 80 82 28
a1636 12 13 19
a1637 67 81 92
a1638 57 66 53
a1639 47 61 1
a1640 43 55 65
a1641 80 92 17
a1642 67 77 27
a1643 17 36 64
a1644 91 93 50
a1645 63 83 93
a1646 27 39 61
a1647 89 106 62
a1648 61 81 25
a1649 16 29 100
a1650 73 79 76
a1651 44 52 5
a1652 45 60 16
a1653 70 78 12
a1654 42 55 87
a1655 95 111 72
a1656 46 59 72
a1657 100 102 47
a1658 86 101 39
a1659 0 11 42
a1660 13 31 58
a1661 60 64 96
a1662 74 94 36
a1663 44 49 73
a1664 100 112 64
a1665 2 11 10
a1666 66 68 94
a1667 9 16 32
a1668 5 15 6
a1669 22 41 5
a1670 84 93 46
a1671 57 64 82
a1672 3 13 55
a1673 56 73 91
a1674 85 89 95
a1675 64 73 68
a1676 21 32 86
a1677 0 1 27
a1678 52 71 18
a1679 19 34 30
a1680 85 91 23
a1681 11 17 1
a1682 72 81 36
a1683 66 80 40
a1684 6 25 65
a1685 82 102 9
a1686 72 84 29
a1687 3 13 25
a1688 48 67 97
a1689 83 101 96
a1690 35 50 10
a1691 66 80 97
a1692 33 38 7
a1693 53 64 51
a1694 62 73 49
a1695 24 38 86
a1696 27 32 19
a1697 52 61 52
a1698 25 26 57
a1699 83 84 41
a1700 32 48 30
a1701 68 84 10
a1702 44 47 39
a1703 50 57 55
a1704 28 35 26
a1705 69 85 8
a1706 27 38 41
a1707 82 88 36
a1708 77 96 32
a1709 46 66 17
a1710 84 103 70
a1711 77 89 87
a1712 20 39 54
a1713 32 38 53
a1714 63 78 46
a1715 3 12 6
a1716 50 70 39
a1717 20 40 27
a1718 97 116 76
a1719 31 36 10
a1720 58 63 28
a1721 66 77 77
a1722 15 18 16
a1723 28 39 33
a1724 92 110 64
a1725 16 22 85
a1726 17 35 72
a1727 47 55 34
a1728 15 31 52
a1729 30 47 79
a1730 25 33 8
a1731 56 57 53
a1732 68 72 38
a1733 30 31 16
a1734 39 53 88
a1735 41 56 52
a1736 99 107 4
a1737 1 17 22
a1738 42 44 62
a1739 17 26 76
a1740 32 50 19
a1741 91 105 42
a1742 46 54 69
a1743 52 58 62
a1744 27 41 4
a1745 9 21 70
a1746 81 93 44
a1747 21 34 75
a1748 30 47 22
a1749 15 19 12
a1750 18 25 85
a1751 100 110 9
a1752 21 41 44
a1753 64 67 43
a1754 39 54 3
a1755 65 79 10
a1756 28 34 48
a1757 43 48 58
a1758 1 15 70
a1759 39 45 96
a1760 76 93 66
a1761 57 62 30
a1762 5 18 62
a1763 96 98 9
a1764 80 99 19
a1765 57 73 97
a1766 90 94 91
a1767 99 103 65
a1768 40 42 84
a1769 57 69 59
a1770 65 76 13
a1771 33 52 45
a1772 59 73 60
a1773 95 100 85
a1774 28 37 59
a1775 82 87 60
a1776 14 23 83
a1777 97 112 14
a1778 72 88 96
a1779 24 41 10
a1780 17 37 13
a1781 11 12 45
a1782 42 48 93
a1783 74 89 78
a1784 47 58 57
a1785 76 90 53
a1786 59 67 86
a1787 34 46 29
a1788 3 6 84
a1789 23 27 61
a1790 51 53 95
a1791 92 99 63
a1792 73 90 21
a1793 60 75 10
a1794 25 43 1
a1795 28 29 27
a1796 86 93 69
a1797 1 9 24
a1798 56 64 44
a1799 63 81 8
a1800 10 26 92
a1801 46 60 79
a1802 25 26 3
a1803 51 68 75
a1804 29 39 13
a1805 64 69 35
a1806 46 66 10
a1807 95 108 20
a1808 89 98 9
a1809 9 12 36
a1810 18 36 14
a1811 54 74 96
a1812 27 36 7
a1813 73 90 35
a1814 48 67 47
a1815 20 22 79
a1816 37 42 78
a1817 87 101 21
a1818 17 21 41
a1819 13 15 22
a1820 62 70 52
a1821 79 92 97
a1822 53 54 25
a1823 19 27 18
a1824 47 59 97
a1825 54 65 91
a1826 52 64 58
a1827 17 19 78
a1828 48 68 56
a1829 57 77 88
a1830 52 57 1
a1831 18 25 88
a1832 99 112 7
a1833 62 78 77
a1834 92 93 66
a1835 84 88 23
a1836 24 42 74
a1837 45 57 25
a1838 84 88 2
a1839 31 37 45
a1840 52 65 2
a1841 91 101 77
a1842 70 83 38
a1843 4 13 18
a1844 17 24 52
a1845 53 63 60
a1846 42 44 22
a1847 40 59 78
a1848 23 27 80
a1849 2 18 47
a1850 15 24 34
a1851 23 26 36
a1852 49 65 68
a1853 42 55 65
a1854 100 116 41
a1855 98 105 91
a1856 48 50 60
a1857 33 42 55
a1858 82 94 1
a1859 48 67 65
a1860 9 10 11
a1861 70 80 81
a1862 65 83 29
a1863 61 67 6
a1864 2 8 31
a1865 51 52 21
a1866 55 65 75
a1867 37 45 55
a1868 41 53 12
a1869 9 17 63
a1870 70 71 39
a1871 39 59 9
a1872 78 97 49
a1873 22 34 87
a1874 87 99 37
a1875 84 99 19
a1876 48 68 18
a1877 42 44 5
a1878 20 21 38
a1879 51 63 9
a1880 36 54 44
a1881 0 1 25
a1882 23 27 12
a1883 5 10 67
a1884 59 60 21
a1885 73 79 85
a1886 21 29 49
a1887 14 24 25
a1888 34 49 24
a1889 46 48 70
a1890 53 66 82
a1891 17 26 32
a1892 48 59 22
a1893 61 79 26
a1894 47 49 96
a1895 38 50 28
a1896 87 94 18
a1897 14 33 24
a1898 74 89 53
a1899 74 87 51
a1900 38 54 61
a1901 19 28 54
a1902 45 52 14
a1903 4 15 1
a1904 54 70 82
a1905 27 35 21
a1906 67 72 58
a1907 30 47 53
a1908 80 96 100
a1909 22 40 65
a1910 17 25 6
a1911 34 52 63
a1912 65 79 69
a1913 95 102 37
a1914 87 107 93
a1915 21 38 25
a1916 7 25 23
a1917 31 34 54
a1918 4 6 74
a1919 95 100 30
a1920 42 49 22
a1921 47 48 25
a1922 38 53 13
a1923 32 47 36
a1924 19 22 5
a1925 37 38 72
a1926 66 74 92
a1927 2 6 53
a1928 15 31 17
a1929 18 37 88
a1930 82 92 93
a1931 1 5 32
a1932 3 23 99
a1933 87 107 34
a1934 57 70 36
a1935 66 75 11
a1936 32 48 33
a1937 60 65 41
a1938 68 73 24
a1939 16 33 99
a1940 22 30 6
a1941 46 66 65
a1942 85 98 72
a1943 5 15 76
a1944 50 69 42
a1945 83 85 18
a1946 73 77 86
a1947 23 26 40
a1948 9 10 43
a1949 76 89 66
a1950 38 51 30
a1951 56 69 18
a1952 79 96 29
a1953 6 8 10
a1954 85 94 58
a1955 50 57 55
a1956 74 94 100
a1957 10 14 92
a1958 78 87 6
a1959 37 45 90
a1960 90 108 52
a1961 43 59 61
a1962 60 67 69
a1963 85 101 57
a1964 39 46 90
a1965 0 13 78
a1966 21 26 38
a1967 42 58 92
a1968 56 75 58
a1969 40 59 4
a1970 30 44 55
a1971 41 44 66
a1972 100 120 64
a1973 84 90 15
a1974 52 61 37
a1975 65 81 38
a1976 26 39 28
a1977 63 79 79
a1978 90 95 72
a1979 0 2 85
a1980 1 4 22
a1981 9 20 88
a1982 14 34 59
a1983 36 40 57
a1984 65 78 53
a1985 83 87 79
a1986 56 65 88
a1987 72 82 79
a1988 67 75 42
a1989 16 18 48
a1990 28 41 99
a1991 72 86 65
a1992 23 35 76
a1993 84 85 51
a1994 99 100 48
a1995 76 89 64
a1996 5 17 52
a1997 24 37 5
a1998 68 88 5
a1999 31 45 42
a2000 66 74 11
