500
a001 41 46 51
a002 83 85 10
a003 68 72 47
a004 74 76 65
a005 27 29 12
a006 55 69 9
a007 30 33 71
a008 54 56 73
a009 15 23 81
a010 80 99 8
a011 73 92 51
a012 6 14 6
a013 71 76 38
a014 53 58 70
a015 15 34 40
a016 71 77 14
a017 74 93 82
a018 24 36 13
a019 70 73 73
a020 7 27 27
a021 63 81 55
a022 99 110 60
a023 74 89 47
a024 38 46 24
a025 89 97 11
a026 73 83 68
a027 63 74 94
a028 57 67 78
a029 9 13 66
a030 53 59 97
a031 43 48 63
a032 53 55 86
a033 9 27 74
a034 40 51 89
a035 44 64 64
a036 74 89 9
a037 11 20 61
a038 89 92 8
a039 93 103 83
a040 73 88 37
a041 91 104 86
a042 44 45 60
a043 45 51 79
a044 14 30 8
a045 27 37 17
a046 94 102 51
a047 50 66 11
a048 21 36 52
a049 70 79 18
a050 55 73 36
a051 90 104 46
a052 87 100 30
a053 19 22 23
a054 19 27 85
a055 29 30 63
a056 75 81 34
a057 36 37 19
a058 53 71 48
a059 78 97 41
a060 16 33 80
a061 83 85 59
a062 99 117 51
a063 50 63 51
a064 13 29 82
a065 51 53 25
a066 8 15 57
a067 20 24 44
a068 76 78 14
a069 0 19 20
a070 68 72 47
a071 78 79 10
a072 26 46 49
a073 19 28 45
a074 77 89 61
a075 15 19 63
a076 59 75 62
a077 39 42 19
a078 13 24 95
a079 33 49 89
a080 20 37 3
a081 26 43 47
a082 18 36 4
a083 97 114 39
a084 82 85 90
a085 33 50 47
a086 21 33 99
a087 28 46 70
a088 99 116 43
a089 81 89 79
a090 100 107 31
a091 51 59 26
a092 66 82 46
a093 93 94 4
a094 35 51 34
a095 24 44 45
a096 57 69 47
a097 10 18 14
a098 29 45 26
a099 43 50 62
a100 79 99 1
a101 61 73 83
a102 10 14 50
a103 100 107 62
a104 22 36 82
a105 42 45 93
a106 50 65 52
a107 95 98 93
a108 20 26 17
a109 3 8 76
a110 59 64 79
a111 76 92 85
a112 44 49 71
a113 70 75 3
a114 1 5 68
a115 95 100 56
a116 24 31 4
a117 32 39 38
a118 64 72 98
a119 75 86 34
a120 69 83 17
a121 7 19 59
a122 84 103 67
a123 53 70 17
a124 68 73 68
a125 65 66 57
a126 99 105 78
a127 0 5 23
a128 18 34 80
a129 92 96 72
a130 7 18 88
a131 66 83 72
a132 61 65 72
a133 7 15 25
a134 35 37 99
a135 12 29 58
a136 71 72 98
a137 8 23 42
a138 78 95 78
a139 65 72 89
a140 35 50 66
a141 68 84 65
a142 31 48 34
a143 71 78 58
a144 17 31 16
a145 50 65 41
a146 9 17 55
a147 9 16 86
a148 38 42 100
a149 19 31 19
a150 32 37 60
a151 28 32 51
a152 62 68 86
a153 28 34 91
a154 55 72 52
a155 43 57 26
a156 45 56 12
a157 92 104 3
a158 43 61 59
a159 56 57 50
a160 42 59 80
a161 37 54 9
a162 14 22 14
a163 10 19 35
a164 5 11 35
a165 96 101 55
a166 86 95 52
a167 19 37 66
a168 73 89 90
a169 41 44 36
a170 7 13 55
a171 9 18 3
a172 81 84 34
a173 10 30 29
a174 8 17 16
a175 58 59 44
a176 70 84 35
a177 79 84 6
a178 67 75 15
a179 20 29 7
a180 23 30 40
a181 80 90 68
a182 97 104 38
a183 57 74 87
a184 22 31 45
a185 2 11 5
a186 1 2 94
a187 64 82 25
a188 65 81 32
a189 57 61 85
a190 83 97 85
a191 63 81 51
a192 64 74 89
a193 27 35 44
a194 25 30 52
a195 44 46 17
a196 1 4 81
a197 94 103 56
a198 20 22 11
a199 85 98 65
a200 85 95 77
a201 31 41 6
a202 58 64 21
a203 34 49 1
a204 33 45 43
a205 70 81 32
a206 4 14 28
a207 45 51 1
a208 42 55 11
a209 60 69 65
a210 83 90 32
a211 64 65 12
a212 33 36 19
a213 51 70 6
a214 50 51 39
a215 38 46 11
a216 74 91 97
a217 19 39 50
a218 97 108 93
a219 63 68 37
a220 92 112 83
a221 18 20 92
a222 65 79 94
a223 89 106 18
a224 67 84 73
a225 2 21 92
a226 87 95 11
a227 3 5 18
a228 81 93 14
a229 48 63 72
a230 6 7 81
a231 68 76 63
a232 33 34 59
a233 8 25 69
a234 11 28 9
a235 95 111 33
a236 9 18 31
a237 93 100 30
a238 94 109 64
a239 48 51 62
a240 87 97 99
a241 5 25 81
a242 82 89 10
a243 76 81 43
a244 32 42 80
a245 72 77 2
a246 61 63 63
a247 34 38 89
a248 27 43 38
a249 90 107 37
a250 59 74 60
a251 98 102 71
a252 25 35 11
a253 60 61 38
a254 58 61 65
a255 57 66 50
a256 26 33 10
a257 74 77 19
a258 95 112 34
a259 46 51 78
a260 80 97 36
a261 14 26 30
a262 63 79 51
a263 3 9 1
a264 62 77 52
a265 38 43 54
a266 44 57 41
a267 15 26 1
a268 41 52 51
a269 15 22 92
a270 1 11 33
a271 47 50 51
a272 49 68 10
a273 46 60 97
a274 35 37 36
a275 13 15 85
a276 36 41 32
a277 34 48 66
a278 40 47 99
a279 47 61 4
a280 97 110 71
a281 70 77 93
a282 10 12 94
a283 52 67 79
a284 96 101 83
a285 36 52 7
a286 70 75 22
a287 60 74 44
a288 36 46 33
a289 94 103 52
a290 83 91 39
a291 61 79 86
a292 50 54 22
a293 82 88 10
a294 26 43 64
a295 70 78 58
a296 42 57 55
a297 17 35 25
a298 31 34 23
a299 43 61 12
a300 40 48 48
a301 33 52 26
a302 2 16 50
a303 52 69 27
a304 48 57 44
a305 96 98 64
a306 35 54 47
a307 16 33 68
a308 80 87 12
a309 34 42 50
a310 51 66 56
a311 39 40 17
a312 4 18 91
a313 97 113 76
a314 62 63 10
a315 50 67 60
a316 57 65 14
a317 28 33 20
a318 66 70 93
a319 89 104 11
a320 70 72 1
a321 100 105 30
a322 72 74 83
a323 91 101 17
a324 80 89 68
a325 81 95 90
a326 97 101 13
a327 9 19 68
a328 74 81 50
a329 33 41 77
a330 0 1 69
a331 38 53 36
a332 40 48 61
a333 67 75 71
a334 31 32 53
a335 90 100 8
a336 2 9 64
a337 86 100 11
a338 32 40 86
a339 54 66 30
a340 63 65 90
a341 43 57 47
a342 87 100 26
a343 0 10 95
a344 64 67 27
a345 63 70 40
a346 98 105 30
a347 59 67 34
a348 97 107 14
a349 79 95 79
a350 23 31 63
a351 53 55 77
a352 18 31 7
a353 27 28 77
a354 18 32 7
a355 90 92 24
a356 50 65 92
a357 40 44 11
a358 21 32 25
a359 23 40 96
a360 59 61 40
a361 85 98 48
a362 42 57 22
a363 13 14 11
a364 35 38 45
a365 53 57 72
a366 97 104 49
a367 45 55 56
a368 11 13 91
a369 60 67 48
a370 69 84 25
a371 41 53 95
a372 60 61 81
a373 52 60 81
a374 98 111 6
a375 48 50 60
a376 8 10 33
a377 24 27 78
a378 43 55 35
a379 42 62 6
a380 33 44 36
a381 38 39 93
a382 96 116 82
a383 8 9 30
a384 13 29 92
a385 59 72 33
a386 55 71 17
a387 63 69 2
a388 94 104 89
a389 98 103 78
a390 30 41 41
a391 58 70 77
a392 10 27 26
a393 50 56 32
a394 52 55 84
a395 4 20 71
a396 69 80 21
a397 54 58 10
a398 33 53 11
a399 26 30 54
a400 63 78 23
a401 29 34 54
a402 58 78 87
a403 30 48 100
a404 85 89 100
a405 37 47 36
a406 72 81 48
a407 32 41 26
a408 56 64 24
a409 31 39 20
a410 36 55 25
a411 41 44 51
a412 32 40 65
a413 67 75 84
a414 12 27 5
a415 13 14 61
a416 29 44 48
a417 5 15 30
a418 15 17 25
a419 76 95 25
a420 9 21 66
a421 22 37 78
a422 33 34 14
a423 81 101 91
a424 79 91 28
a425 4 16 44
a426 18 20 27
a427 32 34 77
a428 93 100 2
a429 41 55 87
a430 47 53 80
a431 39 42 27
a432 4 20 71
a433 61 64 53
a434 12 25 85
a435 70 75 82
a436 68 71 84
a437 20 33 90
a438 34 48 37
a439 85 95 54
a440 6 16 96
a441 72 84 54
a442 53 54 99
a443 46 53 51
a444 93 106 27
a445 0 14 21
a446 54 58 12
a447 51 70 47
a448 58 64 17
a449 1 3 71
a450 18 31 12
a451 73 93 48
a452 94 111 22
a453 18 30 37
a454 20 37 22
a455 8 12 50
a456 62 69 39
a457 16 18 62
a458 40 42 78
a459 81 94 12
a460 91 111 89
a461 20 28 80
a462 51 71 26
a463 60 66 73
a464 27 29 52
a465 66 72 50
a466 45 49 20
a467 31 38 6
a468 71 73 86
a469 41 45 50
a470 76 91 71
a471 80 90 84
a472 53 63 75
a473 31 45 50
a474 84 96 58
a475 64 79 23
a476 2 3 80
a477 62 77 31
a478 57 77 100
a479 58 64 61
a480 51 55 9
a481 16 28 56
a482 46 49 57
a483 64 81 85
a484 5 7 82
a485 16 19 94
a486 40 57 11
a487 6 23 49
a488 83 88 4
a489 8 28 94
a490 88 92 25
a491 16 32 37
a492 21 29 9
a493 44 64 97
a494 32 38 42
a495 78 87 59
a496 18 27 65
a497 61 68 76
a498 33 53 65
a499 30 41 48
a500 4 11 24
