100
a001 79 88 95
a002 45 62 4
a003 59 67 84
a004 6 12 15
a005 47 63 32
a006 48 66 14
a007 73 81 2
a008 93 100 53
a009 35 41 99
a010 49 55 98
a011 9 14 80
a012 79 94 17
a013 16 17 1
a014 26 33 22
a015 21 31 41
a016 25 43 87
a017 80 87 24
a018 88 95 50
a019 38 39 47
a020 53 59 19
a021 33 36 43
a022 38 58 76
a023 0 20 87
a024 90 101 9
a025 39 51 40
a026 61 72 24
a027 61 77 91
a028 22 24 33
a029 2 14 52
a030 2 20 54
a031 46 59 75
a032 1 16 6
a033 90 96 80
a034 25 29 97
a035 31 46 45
a036 65 77 68
a037 32 47 14
a038 75 87 38
a039 4 18 12
a040 26 37 66
a041 78 90 19
a042 43 52 90
a043 69 72 40
a044 87 98 40
a045 22 25 81
a046 19 29 62
a047 20 22 11
a048 76 94 52
a049 4 12 95
a050 76 88 33
a051 58 72 19
a052 7 9 64
a053 42 49 17
a054 93 112 17
a055 80 94 14
a056 21 35 48
a057 19 21 54
a058 37 42 59
a059 79 85 67
a060 58 74 89
a061 93 104 62
a062 35 45 61
a063 51 56 15
a064 48 66 23
a065 80 96 44
a066 23 26 63
a067 34 51 71
a068 64 76 9
a069 100 112 89
a070 75 77 98
a071 39 51 72
a072 90 99 63
a073 33 43 44
a074 83 89 75
a075 1 17 71
a076 99 108 42
a077 85 94 60
a078 36 53 83
a079 86 98 45
a080 35 47 95
a081 52 64 23
a082 88 103 47
a083 42 59 19
a084 67 73 26
a085 46 62 37
a086 88 91 93
a087 85 99 22
a088 78 97 67
a089 85 99 39
a090 79 97 100
a091 81 90 93
a092 3 10 21
a093 75 90 80
a094 83 89 29
a095 97 103 81
a096 91 93 61
a097 28 34 7
a098 17 21 41
a099 23 39 25
a100 70 72 54
