50
a001 30 40 14
a002 92 105 62
a003 19 22 9
a004 2 15 71
a005 37 39 29
a006 66 84 47
a007 35 41 14
a008 33 40 4
a009 82 91 35
a010 24 30 40
a011 37 49 12
a012 77 88 86
a013 49 66 32
a014 22 30 61
a015 35 38 71
a016 38 39 38
a017 73 83 98
a018 65 72 53
a019 54 74 37
a020 55 70 21
a021 29 39 34
a022 5 8 6
a023 59 68 67
a024 68 84 90
a025 43 48 87
a026 25 28 53
a027 25 40 36
a028 23 35 56
a029 95 114 42
a030 81 99 26
a031 41 45 8
a032 90 98 36
a033 97 116 79
a034 30 34 43
a035 22 32 59
a036 3 5 46
a037 89 92 37
a038 94 105 3
a039 41 51 42
a040 19 33 80
a041 87 90 38
a042 79 86 57
a043 37 42 33
a044 48 68 21
a045 42 61 2
a046 46 48 59
a047 21 33 47
a048 37 56 13
a049 56 63 55
a050 26 30 8
