200
a001 73 76 63
a002 97 106 5
a003 0 5 85
a004 75 91 98
a005 94 106 41
a006 98 99 35
a007 62 69 94
a008 52 70 70
a009 87 91 25
a010 72 90 90
a011 93 102 85
a012 78 81 55
a013 42 45 47
a014 52 61 57
a015 89 93 97
a016 25 35 13
a017 5 24 26
a018 83 95 63
a019 24 41 74
a020 82 99 4
a021 81 93 32
a022 77 91 39
a023 45 64 16
a024 11 28 87
a025 67 74 15
a026 77 86 40
a027 92 99 49
a028 61 69 18
a029 76 83 90
a030 66 67 25
a031 99 105 3
a032 82 93 72
a033 85 105 80
a034 39 51 49
a035 67 80 38
a036 16 32 7
a037 23 37 77
a038 95 108 13
a039 56 64 12
a040 77 92 58
a041 100 113 10
a042 66 80 61
a043 38 52 11
a044 24 33 58
a045 62 68 3
a046 2 20 16
a047 32 51 47
a048 24 33 65
a049 57 68 67
a050 32 46 54
a051 78 94 35
a052 77 93 85
a053 61 77 19
a054 92 105 64
a055 39 54 42
a056 46 52 80
a057 48 68 35
a058 40 53 63
a059 93 99 38
a060 71 72 80
a061 57 59 24
a062 3 23 100
a063 72 76 88
a064 91 103 47
a065 63 82 8
a066 24 29 35
a067 78 79 55
a068 100 117 63
a069 9 25 30
a070 12 24 47
a071 18 26 78
a072 40 45 5
a073 80 84 92
a074 13 15 83
a075 61 76 93
a076 8 9 90
a077 70 75 79
a078 10 16 80
a079 80 89 84
a080 57 73 89
a081 2 7 25
a082 56 72 100
a083 56 71 72
a084 35 51 92
a085 74 77 38
a086 46 56 47
a087 4 7 65
a088 35 44 36
a089 60 74 57
a090 47 49 92
a091 10 18 78
a092 81 89 69
a093 95 97 95
a094 22 33 48
a095 4 6 95
a096 97 104 90
a097 55 66 10
a098 20 24 52
a099 70 75 60
a100 95 111 82
a101 9 14 10
a102 44 61 4
a103 23 40 91
a104 19 25 37
a105 94 99 65
a106 72 85 29
a107 28 47 92
a108 16 30 89
a109 20 31 31
a110 71 90 1
a111 100 119 50
a112 24 35 49
a113 67 82 2
a114 50 67 71
a115 84 89 92
a116 29 47 96
a117 47 56 86
a118 23 28 22
a119 88 93 50
a120 9 11 2
a121 5 21 98
a122 7 11 84
a123 91 109 13
a124 86 98 77
a125 4 6 70
a126 28 42 29
a127 97 116 89
a128 37 40 61
a129 9 28 8
a130 21 36 16
a131 14 20 7
a132 87 88 97
a133 86 100 84
a134 90 100 33
a135 56 64 26
a136 83 101 83
a137 27 36 76
a138 1 10 68
a139 93 104 100
a140 66 69 75
a141 76 78 47
a142 46 50 29
a143 97 98 47
a144 88 99 56
a145 87 89 45
a146 17 18 2
a147 43 46 63
a148 0 15 34
a149 11 30 79
a150 34 42 17
a151 16 30 70
a152 23 31 85
a153 49 69 55
a154 72 89 81
a155 61 70 33
a156 17 27 5
a157 24 39 14
a158 22 41 14
a159 0 17 21
a160 15 20 76
a161 50 66 63
a162 67 85 61
a163 27 40 20
a164 98 113 2
a165 43 57 33
a166 40 45 37
a167 47 66 87
a168 46 54 1
a169 99 109 23
a170 10 24 80
a171 79 87 83
a172 11 18 49
a173 52 57 97
a174 18 35 7
a175 66 83 100
a176 62 74 43
a177 91 110 50
a178 34 37 34
a179 16 18 15
a180 75 95 79
a181 92 97 65
a182 64 68 89
a183 97 100 12
a184 85 89 28
a185 44 55 21
a186 93 101 23
a187 23 31 81
a188 16 32 95
a189 58 78 15
a190 92 112 18
a191 58 65 74
a192 47 52 43
a193 80 89 9
a194 35 36 8
a195 83 84 62
a196 80 95 41
a197 7 8 36
a198 92 96 50
a199 79 90 14
a200 94 106 19
